DeviceId:CISME0006669c1949,,,,,,,,,,,,
Filename:/msc/Data/d3.com_May27_1024.csv,,,,,,,,,,,,
pH Slope(m): 0.05876,,,,,,,,,,,,
pH Eo (b): -0.35526,,,,,,,,,,,,
cal. Buffer pH: 8.10500,,,,,,,,,,,,
cal. Buffer temp. 22.96982,,,,,,,,,,,,
Salinity: 35,,,,,,,,,,,,
O2 0 Phase: 59.99000,,,,,,,,,,,,
O2 0 Temp: 20.00000,,,,,,,,,,,,
O2 100 Phase: 27.44000,,,,,,,,,,,,
O2 100 Temp: 23.20000,,,,,,,,,,,,
O2 LED Current: 150.00000,,,,,,,,,,,,
O2 Pressure Cal: 1013.00000,,,,,,,,,,,,
Total number of steps: 2,,,,,,,,,,,,
Step Number: 1,,,,,,,,,,,,
Time Threshold: 180,,,,,,,,,,,,
O2 Threshold:   0,,,,,,,,,,,,
pH Threshold: 0.000,,,,,,,,,,,,
Flow Rate: 5000.000000,,,,,,,,,,,,
Light Level: 0.000000,,,,,,,,,,,,
Step No., Time(m), Total T(m), O2 percent Sat., O2 (umol/kg), ISFET pH, ISFET Temp,, pH raw (V), ISFET Temp raw (V), Battery (V), Phase O2, Amplitude O2
1,0.03333, ,99.26,196.96,7.998961,27.509009, ,0.116929,0.691477,12.63,26.8,7641
1,0.05, ,99.16,196.78,7.999555,27.508976, ,0.116965,0.691478,12.6,26.81,7631
1,0.06667, ,99.26,196.97,7.999296,27.508414, ,0.116949,0.69149,12.62,26.8,7636
1,0.08333, ,99.16,196.78,7.998669,27.50805, ,0.116911,0.691498,12.63,26.81,7642
1,0.1, ,99.16,196.78,7.998169,27.50757, ,0.116881,0.691509,12.61,26.81,7633
1,0.11667, ,99.26,196.97,7.997733,27.507471, ,0.116855,0.691511,12.61,26.8,7641
1,0.13333, ,99.26,196.97,7.99786,27.507255, ,0.116863,0.691515,12.62,26.8,7640
1,0.15, ,99.16,196.79,7.997539,27.506908, ,0.116843,0.691523,12.62,26.81,7637
1,0.16667, ,99.16,196.79,7.997295,27.506726, ,0.116829,0.691527,12.62,26.81,7646
1,0.18333, ,99.26,196.98,7.996963,27.506246, ,0.116809,0.691537,12.62,26.8,7644
1,0.2, ,99.17,196.79,7.996953,27.506081, ,0.116808,0.691541,12.63,26.81,7643
1,0.21667, ,99.36,197.17,7.997253,27.506014, ,0.116826,0.691542,12.61,26.79,7648
1,0.23333, ,99.07,196.61,7.996969,27.505584, ,0.116809,0.691551,12.63,26.82,7645
1,0.25, ,99.17,196.8,7.996909,27.505551, ,0.116805,0.691552,12.61,26.81,7649
1,0.26667, ,99.17,196.8,7.996767,27.50527, ,0.116797,0.691558,12.62,26.81,7652
1,0.28333, ,99.17,196.8,7.996513,27.504906, ,0.116781,0.691566,12.62,26.81,7654
1,0.3, ,98.88,196.24,7.99649,27.504691, ,0.11678,0.691571,12.61,26.84,7653
1,0.31667, ,99.17,196.8,7.996487,27.504393, ,0.116779,0.691577,12.61,26.81,7651
1,0.33333, ,99.07,196.62,7.996278,27.504227, ,0.116767,0.691581,12.64,26.82,7654
1,0.35, ,99.07,196.62,7.996439,27.503665, ,0.116776,0.691593,12.62,26.82,7656
1,0.36667, ,99.07,196.62,7.996229,27.503665, ,0.116764,0.691593,12.61,26.82,7656
1,0.38333, ,98.98,196.43,7.996225,27.503433, ,0.116763,0.691598,12.64,26.83,7655
1,0.4, ,99.08,196.63,7.996271,27.502937, ,0.116766,0.691609,12.63,26.82,7655
1,0.41667, ,99.08,196.63,7.996092,27.502838, ,0.116755,0.691611,12.63,26.82,7655
1,0.43333, ,99.27,197,7.995894,27.502805, ,0.116743,0.691612,12.62,26.8,7645
1,0.45, ,98.98,196.44,7.995593,27.502225, ,0.116725,0.691624,12.61,26.83,7642
1,0.46667, ,99.08,196.63,7.995487,27.501961, ,0.116719,0.69163,12.61,26.82,7645
1,0.48333, ,99.08,196.63,7.995292,27.50163, ,0.116707,0.691637,12.62,26.82,7647
1,0.5, ,99.08,196.63,7.995028,27.501646, ,0.116691,0.691637,12.62,26.82,7644
1,0.51667, ,98.98,196.45,7.995123,27.501084, ,0.116696,0.691649,12.62,26.83,7647
1,0.53333, ,99.17,196.83,7.995004,27.500985, ,0.116689,0.691651,12.63,26.81,7646
1,0.55, ,98.89,196.27,7.995031,27.500538, ,0.116691,0.691661,12.61,26.84,7646
1,0.56667, ,98.99,196.46,7.995094,27.500174, ,0.116694,0.691668,12.61,26.83,7648
1,0.58333, ,98.89,196.27,7.99482,27.499992, ,0.116678,0.691672,12.62,26.84,7648
1,0.6, ,98.89,196.27,7.994848,27.499545, ,0.116679,0.691682,12.61,26.84,7647
1,0.61667, ,99.18,196.83,7.994722,27.499529, ,0.116672,0.691682,12.64,26.81,7647
1,0.63333, ,98.99,196.46,7.995001,27.499049, ,0.116688,0.691693,12.61,26.83,7648
1,0.65, ,98.99,196.46,7.994576,27.499016, ,0.116663,0.691693,12.62,26.83,7648
1,0.66667, ,98.99,196.47,7.994412,27.49852, ,0.116653,0.691704,12.61,26.83,7649
1,0.68333, ,98.99,196.47,7.994426,27.498354, ,0.116654,0.691708,12.61,26.83,7652
1,0.7, ,98.89,196.28,7.994391,27.498139, ,0.116651,0.691712,12.61,26.84,7649
1,0.71667, ,98.8,196.1,7.994496,27.497825, ,0.116657,0.691719,12.62,26.85,7650
1,0.73333, ,98.99,196.47,7.994324,27.49756, ,0.116647,0.691725,12.62,26.83,7651
1,0.75, ,98.8,196.1,7.994506,27.497312, ,0.116658,0.69173,12.64,26.85,7653
1,0.76667, ,98.9,196.29,7.994507,27.497229, ,0.116658,0.691732,12.62,26.84,7651
1,0.78333, ,98.71,195.91,7.994257,27.497014, ,0.116643,0.691737,12.62,26.86,7650
1,0.8, ,98.9,196.29,7.994116,27.49665, ,0.116634,0.691745,12.59,26.84,7650
1,0.81667, ,98.8,196.1,7.994015,27.496485, ,0.116628,0.691748,12.62,26.85,7650
1,0.83333, ,98.9,196.3,7.994027,27.495774, ,0.116629,0.691764,12.61,26.84,7651
1,0.85, ,98.9,196.3,7.993909,27.495575, ,0.116621,0.691768,12.6,26.84,7653
1,0.86667, ,98.8,196.11,7.994112,27.495608, ,0.116634,0.691767,12.62,26.85,7653
1,0.88333, ,98.8,196.11,7.994133,27.495228, ,0.116635,0.691775,12.61,26.85,7654
1,0.9, ,98.9,196.3,7.993703,27.495079, ,0.116609,0.691779,12.62,26.84,7652
1,0.91667, ,98.71,195.93,7.993633,27.494781, ,0.116605,0.691785,12.62,26.86,7653
1,0.93333, ,98.71,195.93,7.993564,27.494434, ,0.1166,0.691792,12.61,26.86,7653
1,0.95, ,98.99,196.49,7.993518,27.494169, ,0.116597,0.691798,12.61,26.83,7654
1,0.96667, ,98.81,196.12,7.99366,27.493772, ,0.116606,0.691807,12.62,26.85,7657
1,0.98333, ,98.71,195.94,7.993399,27.493408, ,0.11659,0.691815,12.62,26.86,7658
1,1, ,98.81,196.12,7.993315,27.493392, ,0.116585,0.691815,12.61,26.85,7656
1,1.01667, ,98.71,195.94,7.993071,27.493193, ,0.11657,0.691819,12.63,26.86,7656
1,1.03333, ,98.71,195.94,7.992748,27.493028, ,0.116551,0.691823,12.62,26.86,7658
1,1.05, ,98.71,195.94,7.99286,27.492581, ,0.116557,0.691833,12.62,26.86,7658
1,1.06667, ,98.71,195.94,7.9927,27.492333, ,0.116548,0.691838,12.63,26.86,7657
1,1.08333, ,98.71,195.94,7.992596,27.492531, ,0.116542,0.691834,12.63,26.86,7659
1,1.1, ,98.81,196.13,7.992426,27.492068, ,0.116531,0.691844,12.62,26.85,7658
1,1.11667, ,98.53,195.57,7.992153,27.491721, ,0.116515,0.691851,12.61,26.88,7658
1,1.13333, ,98.43,195.39,7.991771,27.491589, ,0.116492,0.691854,12.61,26.89,7662
1,1.15, ,98.72,195.95,7.991787,27.491126, ,0.116493,0.691864,12.6,26.86,7660
1,1.16667, ,98.72,195.95,7.991638,27.490977, ,0.116484,0.691867,12.62,26.86,7660
1,1.18333, ,98.62,195.76,7.991603,27.490877, ,0.116482,0.691869,12.6,26.87,7661
1,1.2, ,98.72,195.95,7.99158,27.490662, ,0.11648,0.691874,12.62,26.86,7662
1,1.21667, ,98.53,195.58,7.991619,27.490398, ,0.116482,0.69188,12.62,26.88,7661
1,1.23333, ,98.62,195.77,7.991304,27.489968, ,0.116463,0.691889,12.62,26.87,7662
1,1.25, ,98.53,195.58,7.991262,27.49005, ,0.116461,0.691887,12.62,26.88,7663
1,1.26667, ,98.81,196.15,7.991151,27.48967, ,0.116454,0.691895,12.61,26.85,7661
1,1.28333, ,98.44,195.4,7.991305,27.489885, ,0.116463,0.691891,12.62,26.89,7662
1,1.3, ,98.72,195.96,7.991111,27.489372, ,0.116452,0.691902,12.6,26.86,7664
1,1.31667, ,98.72,195.96,7.991119,27.489207, ,0.116452,0.691905,12.62,26.86,7665
1,1.33333, ,98.63,195.78,7.990946,27.489075, ,0.116441,0.691908,12.61,26.87,7665
1,1.35, ,98.63,195.78,7.990845,27.488992, ,0.116435,0.69191,12.61,26.87,7665
1,1.36667, ,98.63,195.78,7.990768,27.48881, ,0.116431,0.691914,12.6,26.87,7666
1,1.38333, ,98.44,195.41,7.990603,27.48843, ,0.116421,0.691922,12.61,26.89,7669
1,1.4, ,98.44,195.41,7.990617,27.488198, ,0.116421,0.691927,12.62,26.89,7667
1,1.41667, ,98.44,195.41,7.990593,27.488215, ,0.11642,0.691927,12.63,26.89,7666
1,1.43333, ,98.35,195.22,7.990607,27.487966, ,0.116421,0.691932,12.63,26.9,7668
1,1.45, ,98.44,195.41,7.990584,27.487818, ,0.116419,0.691936,12.61,26.89,7670
1,1.46667, ,98.35,195.23,7.990249,27.487718, ,0.116399,0.691938,12.64,26.9,7668
1,1.48333, ,98.44,195.41,7.990154,27.487669, ,0.116394,0.691939,12.62,26.89,7668
1,1.5, ,98.44,195.42,7.9901,27.486974, ,0.11639,0.691954,12.61,26.89,7672
1,1.51667, ,98.35,195.23,7.990416,27.487156, ,0.116409,0.69195,12.62,26.9,7671
1,1.53333, ,98.44,195.42,7.990243,27.486991, ,0.116399,0.691953,12.62,26.89,7671
1,1.53333, ,98.44,195.42,7.990004,27.486908, ,0.116384,0.691955,12.63,26.89,7669
1,1.55, ,98.44,195.42,7.990109,27.48661, ,0.11639,0.691962,12.62,26.89,7672
1,1.56667, ,98.44,195.42,7.989899,27.486528, ,0.116378,0.691963,12.61,26.89,7672
1,1.6, ,98.35,195.23,7.989738,27.486528, ,0.116368,0.691963,12.62,26.9,7672
1,1.6, ,98.44,195.42,7.989893,27.486528, ,0.116377,0.691963,12.61,26.89,7674
1,1.61667, ,98.35,195.23,7.989577,27.486362, ,0.116359,0.691967,12.61,26.9,7674
1,1.63333, ,98.44,195.42,7.989328,27.486032, ,0.116343,0.691974,12.63,26.89,7675
1,1.65, ,98.25,195.05,7.989357,27.486081, ,0.116345,0.691973,12.64,26.91,7676
1,1.66667, ,98.07,194.68,7.988885,27.485998, ,0.116317,0.691975,12.63,26.93,7675
1,1.68333, ,98.44,195.42,7.988891,27.485982, ,0.116317,0.691975,12.63,26.89,7674
1,1.7, ,98.25,195.05,7.988862,27.485866, ,0.116316,0.691978,12.63,26.91,7676
1,1.71667, ,98.35,195.24,7.989042,27.485833, ,0.116326,0.691978,12.63,26.9,7676
1,1.73333, ,98.25,195.05,7.988735,27.485949, ,0.116308,0.691976,12.63,26.91,7677
1,1.75, ,98.26,195.05,7.988601,27.485486, ,0.1163,0.691986,12.62,26.91,7678
1,1.78333, ,98.26,195.05,7.988135,27.485287, ,0.116272,0.69199,12.61,26.91,7679
1,1.8, ,98.35,195.24,7.988005,27.485089, ,0.116264,0.691995,12.62,26.9,7680
1,1.81667, ,98.07,194.69,7.988558,27.484857, ,0.116297,0.692,12.61,26.93,7681
1,1.81667, ,98.26,195.06,7.988851,27.484923, ,0.116315,0.691998,12.62,26.91,7682
1,1.83333, ,98.16,194.87,7.988402,27.484874, ,0.116288,0.691999,12.61,26.92,7680
1,1.85, ,98.35,195.24,7.988227,27.485006, ,0.116277,0.691996,12.63,26.9,7682
1,1.86667, ,98.07,194.69,7.988416,27.484692, ,0.116288,0.692003,12.61,26.93,7684
1,1.88333, ,98.07,194.69,7.988577,27.484758, ,0.116298,0.692002,12.61,26.93,7684
1,1.9, ,98.26,195.06,7.988738,27.484791, ,0.116308,0.692001,12.6,26.91,7681
1,1.91667, ,98.16,194.87,7.988272,27.484692, ,0.11628,0.692003,12.62,26.92,7686
1,1.93333, ,98.07,194.69,7.987947,27.484758, ,0.116261,0.692002,12.61,26.93,7685
1,1.95, ,98.07,194.69,7.987684,27.484708, ,0.116245,0.692003,12.63,26.93,7686
1,1.96667, ,98.07,194.69,7.987499,27.484543, ,0.116234,0.692006,12.61,26.93,7686
1,1.98333, ,98.07,194.69,7.987309,27.484378, ,0.116222,0.69201,12.63,26.93,7688
1,2, ,97.98,194.5,7.986768,27.484593, ,0.11619,0.692005,12.6,26.94,7687
1,2.01667, ,98.16,194.87,7.986923,27.484626, ,0.116199,0.692005,12.6,26.92,7689
1,2.03333, ,98.07,194.69,7.986959,27.484626, ,0.116202,0.692005,12.6,26.93,7688
1,2.05, ,97.98,194.5,7.987068,27.484527, ,0.116208,0.692007,12.62,26.94,7688
1,2.06667, ,97.98,194.5,7.986884,27.484295, ,0.116197,0.692012,12.6,26.94,7690
1,2.08333, ,98.07,194.69,7.986866,27.484345, ,0.116196,0.692011,12.61,26.93,7689
1,2.1, ,98.07,194.69,7.986823,27.484477, ,0.116193,0.692008,12.62,26.93,7691
1,2.11667, ,97.98,194.5,7.987124,27.484295, ,0.116211,0.692012,12.62,26.94,7691
1,2.13333, ,97.98,194.5,7.986578,27.484312, ,0.116179,0.692011,12.61,26.94,7691
1,2.15, ,97.98,194.5,7.986512,27.484328, ,0.116175,0.692011,12.61,26.94,7692
1,2.16667, ,97.88,194.32,7.986289,27.48446, ,0.116161,0.692008,12.61,26.95,7690
1,2.18333, ,97.98,194.5,7.986457,27.48446, ,0.116171,0.692008,12.62,26.94,7692
1,2.2, ,98.07,194.69,7.986584,27.484328, ,0.116179,0.692011,12.62,26.93,7691
1,2.21667, ,97.88,194.32,7.986342,27.484543, ,0.116165,0.692006,12.63,26.95,7694
1,2.23333, ,97.88,194.32,7.986302,27.484394, ,0.116162,0.69201,12.61,26.95,7694
1,2.25, ,97.88,194.32,7.986114,27.484593, ,0.116151,0.692005,12.62,26.95,7694
1,2.26667, ,97.7,193.95,7.986041,27.484725, ,0.116147,0.692002,12.61,26.97,7694
1,2.28333, ,97.79,194.13,7.985934,27.484626, ,0.11614,0.692005,12.6,26.96,7697
1,2.3, ,97.7,193.95,7.985986,27.484808, ,0.116144,0.692001,12.61,26.97,7696
1,2.31667, ,97.7,193.95,7.985724,27.484692, ,0.116128,0.692003,12.63,26.97,7695
1,2.33333, ,97.79,194.13,7.985621,27.484742, ,0.116122,0.692002,12.62,26.96,7696
1,2.35, ,97.88,194.32,7.98577,27.48489, ,0.116131,0.691999,12.61,26.95,7695
1,2.36667, ,97.79,194.13,7.985663,27.484808, ,0.116124,0.692001,12.61,26.96,7698
1,2.38333, ,97.7,193.95,7.985733,27.484957, ,0.116129,0.691997,12.61,26.97,7698
1,2.4, ,97.7,193.95,7.98555,27.484725, ,0.116117,0.692002,12.62,26.97,7697
1,2.41667, ,97.7,193.94,7.985642,27.485138, ,0.116123,0.691993,12.62,26.97,7700
1,2.43333, ,97.88,194.31,7.985326,27.484957, ,0.116104,0.691997,12.62,26.95,7700
1,2.45, ,97.7,193.94,7.9856,27.485138, ,0.116121,0.691993,12.62,26.97,7702
1,2.46667, ,97.6,193.76,7.985127,27.485105, ,0.116092,0.691994,12.6,26.98,7700
1,2.48333, ,97.79,194.13,7.98497,27.485254, ,0.116083,0.691991,12.63,26.96,7703
1,2.5, ,97.6,193.76,7.984712,27.485238, ,0.116068,0.691991,12.6,26.98,7701
1,2.51667, ,97.79,194.13,7.984901,27.485618, ,0.116079,0.691983,12.62,26.96,7701
1,2.53333, ,97.7,193.94,7.98516,27.485502, ,0.116095,0.691986,12.63,26.97,7701
1,2.55, ,97.7,193.94,7.984983,27.48585, ,0.116084,0.691978,12.6,26.97,7703
1,2.56667, ,97.6,193.76,7.98478,27.485767, ,0.116072,0.69198,12.6,26.98,7704
1,2.58333, ,97.7,193.94,7.984694,27.485998, ,0.116067,0.691975,12.61,26.97,7705
1,2.6, ,97.69,193.94,7.984537,27.486098, ,0.116058,0.691973,12.63,26.97,7707
1,2.61667, ,97.7,193.94,7.984203,27.485965, ,0.116038,0.691976,12.61,26.97,7703
1,2.63333, ,97.6,193.75,7.984023,27.485982, ,0.116027,0.691975,12.61,26.98,7706
1,2.65, ,97.6,193.75,7.983829,27.486147, ,0.116016,0.691972,12.61,26.98,7707
1,2.66667, ,97.69,193.94,7.983792,27.486313, ,0.116013,0.691968,12.62,26.97,7709
1,2.68333, ,97.6,193.75,7.983743,27.486478, ,0.116011,0.691965,12.62,26.98,7708
1,2.7, ,97.6,193.75,7.983719,27.486478, ,0.116009,0.691965,12.62,26.98,7708
1,2.71667, ,97.51,193.57,7.983729,27.486676, ,0.11601,0.69196,12.62,26.99,7709
1,2.73333, ,97.6,193.75,7.983896,27.486776, ,0.11602,0.691958,12.61,26.98,7709
1,2.75, ,97.51,193.56,7.984045,27.486925, ,0.116029,0.691955,12.6,26.99,7711
1,2.76667, ,97.42,193.38,7.984007,27.48714, ,0.116027,0.69195,12.62,27,7713
1,2.78333, ,97.51,193.56,7.983522,27.487106, ,0.115998,0.691951,12.62,26.99,7710
1,2.8, ,97.41,193.38,7.983371,27.487239, ,0.115989,0.691948,12.62,27,7712
1,2.81667, ,97.41,193.38,7.983172,27.487305, ,0.115977,0.691947,12.6,27,7710
1,2.83333, ,97.51,193.56,7.98323,27.487603, ,0.115981,0.69194,12.61,26.99,7710
1,2.85, ,97.32,193.19,7.983392,27.487553, ,0.11599,0.691941,12.6,27.01,7710
1,2.86667, ,97.32,193.19,7.983332,27.48757, ,0.115987,0.691941,12.6,27.01,7711
1,2.88333, ,97.51,193.56,7.983349,27.487768, ,0.115988,0.691937,12.62,26.99,7712
1,2.9, ,97.32,193.19,7.983318,27.487818, ,0.115986,0.691936,12.62,27.01,7713
1,2.91667, ,97.23,193.01,7.982975,27.488049, ,0.115965,0.691931,12.59,27.02,7712
1,2.93333, ,97.41,193.37,7.982923,27.488512, ,0.115963,0.691921,12.63,27,7715
1,2.95, ,97.23,193,7.982733,27.488281, ,0.115951,0.691926,12.61,27.02,7715
1,2.96667, ,97.32,193.19,7.982795,27.488744, ,0.115955,0.691916,12.61,27.01,7715
1,2.98333, ,97.32,193.19,7.982742,27.488694, ,0.115952,0.691917,12.63,27.01,7717
Step Number: 2,,,,,,,,,,,,
Time Threshold: 240,,,,,,,,,,,,
O2 Threshold:   0,,,,,,,,,,,,
pH Threshold: 0.000,,,,,,,,,,,,
Flow Rate: 5000.000000,,,,,,,,,,,,
Light Level: 18.000000,,,,,,,,,,,,
Step No., Time(m), Total T(m), 02 percent sat., O2 umol/kg, ISFET pH, ISFET Temp,, pH raw (V), ISFET raw Temp (V), Ext. Battery (V), Phase O2, Amplitude O2
2,0, ,97.32,193.18,7.982596,27.488876, ,0.115943,0.691913,12.6,27.01,7717
2,0.01667, ,97.23,193,7.981462,27.489042, ,0.115876,0.691909,12.59,27.02,7718
2,0.03333, ,97.23,193,7.981028,27.489306, ,0.11585,0.691903,12.56,27.02,7717
2,0.05, ,97.32,193.18,7.980967,27.489438, ,0.115846,0.6919,12.57,27.01,7716
2,0.06667, ,97.32,193.18,7.981025,27.489687, ,0.11585,0.691895,12.59,27.01,7718
2,0.08333, ,97.41,193.36,7.980994,27.489769, ,0.115848,0.691893,12.56,27,7719
2,0.1, ,97.13,192.81,7.981268,27.489984, ,0.115865,0.691889,12.57,27.03,7718
2,0.11667, ,97.13,192.81,7.98152,27.489951, ,0.11588,0.691889,12.55,27.03,7717
2,0.13333, ,97.32,193.18,7.980857,27.49048, ,0.11584,0.691878,12.61,27.01,7718
2,0.15, ,97.22,192.99,7.981169,27.490464, ,0.115859,0.691878,12.61,27.02,7716
2,0.16667, ,97.32,193.17,7.981329,27.490629, ,0.115869,0.691875,12.6,27.01,7720
2,0.18333, ,97.32,193.17,7.981258,27.490497, ,0.115864,0.691878,12.55,27.01,7722
2,0.2, ,97.22,192.99,7.981437,27.490662, ,0.115875,0.691874,12.58,27.02,7715
2,0.21667, ,97.22,192.99,7.981205,27.491142, ,0.115861,0.691864,12.57,27.02,7715
2,0.23333, ,97.13,192.8,7.980574,27.491307, ,0.115824,0.69186,12.57,27.03,7715
2,0.25, ,97.32,193.17,7.980602,27.491522, ,0.115826,0.691855,12.59,27.01,7715
2,0.26667, ,97.22,192.98,7.980509,27.491986, ,0.11582,0.691845,12.59,27.02,7719
2,0.28333, ,97.13,192.8,7.980491,27.491903, ,0.115819,0.691847,12.59,27.03,7718
2,0.3, ,97.22,192.98,7.980178,27.492151, ,0.115801,0.691842,12.56,27.02,7716
2,0.31667, ,97.22,192.98,7.980147,27.492217, ,0.115799,0.69184,12.58,27.02,7717
2,0.33333, ,97.04,192.61,7.980632,27.492316, ,0.115828,0.691838,12.57,27.04,7717
2,0.35, ,97.04,192.61,7.98102,27.492482, ,0.115851,0.691835,12.61,27.04,7713
2,0.36667, ,97.13,192.8,7.98075,27.492498, ,0.115835,0.691834,12.59,27.03,7710
2,0.38333, ,97.22,192.98,7.980322,27.492813, ,0.11581,0.691828,12.59,27.02,7712
2,0.4, ,97.22,192.97,7.980444,27.493259, ,0.115817,0.691818,12.59,27.02,7713
2,0.41667, ,97.13,192.79,7.980228,27.493392, ,0.115804,0.691815,12.59,27.03,7713
2,0.43333, ,97.13,192.79,7.98004,27.49364, ,0.115793,0.69181,12.56,27.03,7715
2,0.45, ,97.22,192.97,7.980614,27.493855, ,0.115827,0.691805,12.6,27.02,7714
2,0.46667, ,97.22,192.97,7.980348,27.494037, ,0.115812,0.691801,12.6,27.02,7712
2,0.48333, ,97.03,192.6,7.98036,27.494086, ,0.115812,0.6918,12.56,27.04,7713
2,0.5, ,97.4,193.33,7.980483,27.494417, ,0.11582,0.691793,12.59,27,7715
2,0.51667, ,97.13,192.78,7.97987,27.494632, ,0.115783,0.691788,12.59,27.03,7712
2,0.53333, ,97.31,193.15,7.980479,27.494913, ,0.11582,0.691782,12.6,27.01,7712
2,0.55, ,97.13,192.78,7.980141,27.495178, ,0.1158,0.691776,12.61,27.03,7713
2,0.56667, ,97.31,193.14,7.979819,27.495757, ,0.115781,0.691764,12.57,27.01,7713
2,0.58333, ,97.22,192.96,7.980052,27.49579, ,0.115795,0.691763,12.61,27.02,7715
2,0.6, ,97.31,193.14,7.980237,27.495889, ,0.115806,0.691761,12.61,27.01,7711
2,0.61667, ,97.12,192.77,7.980218,27.496104, ,0.115805,0.691756,12.59,27.03,7714
2,0.63333, ,97.22,192.95,7.980184,27.496518, ,0.115803,0.691747,12.58,27.02,7713
2,0.65, ,97.22,192.96,7.979813,27.496419, ,0.115781,0.69175,12.58,27.02,7714
2,0.66667, ,97.31,193.14,7.97999,27.496783, ,0.115792,0.691742,12.57,27.01,7713
2,0.68333, ,97.31,193.13,7.979887,27.497014, ,0.115786,0.691737,12.57,27.01,7713
2,0.7, ,97.31,193.13,7.979824,27.497295, ,0.115782,0.691731,12.55,27.01,7713
2,0.71667, ,97.4,193.32,7.979762,27.497544, ,0.115778,0.691725,12.6,27,7711
2,0.73333, ,97.31,193.13,7.979688,27.497891, ,0.115774,0.691718,12.61,27.01,7710
2,0.75, ,97.21,192.94,7.979637,27.498172, ,0.115771,0.691712,12.6,27.02,7712
2,0.76667, ,97.4,193.31,7.97939,27.498387, ,0.115757,0.691707,12.59,27,7711
2,0.78333, ,97.3,193.12,7.978919,27.498801, ,0.115729,0.691698,12.6,27.01,7705
2,0.8, ,97.49,193.49,7.978912,27.498917, ,0.115728,0.691696,12.59,26.99,7708
2,0.81667, ,97.4,193.31,7.979035,27.499214, ,0.115736,0.691689,12.57,27,7710
2,0.83333, ,97.49,193.49,7.979194,27.499611, ,0.115746,0.691681,12.56,26.99,7707
2,0.85, ,97.3,193.12,7.978917,27.499727, ,0.115729,0.691678,12.6,27.01,7709
2,0.86667, ,97.49,193.48,7.978784,27.499942, ,0.115721,0.691673,12.58,26.99,7707
2,0.88333, ,97.4,193.3,7.978778,27.49986, ,0.115721,0.691675,12.55,27,7707
2,0.9, ,97.39,193.3,7.978679,27.500356, ,0.115715,0.691664,12.6,27,7708
2,0.91667, ,97.49,193.48,7.978366,27.500439, ,0.115697,0.691663,12.58,26.99,7707
2,0.93333, ,97.58,193.66,7.978436,27.500736, ,0.115701,0.691656,12.55,26.98,7704
2,0.95, ,97.49,193.48,7.978787,27.500985, ,0.115722,0.691651,12.56,26.99,7706
2,0.96667, ,97.39,193.29,7.978598,27.501481, ,0.115711,0.69164,12.58,27,7705
2,0.98333, ,97.58,193.66,7.978944,27.501597, ,0.115732,0.691638,12.59,26.98,7706
2,1, ,97.58,193.66,7.978936,27.501895, ,0.115731,0.691631,12.56,26.98,7704
2,1.01667, ,97.58,193.65,7.978364,27.502225, ,0.115697,0.691624,12.6,26.98,7705
2,1.03333, ,97.58,193.65,7.978277,27.502623, ,0.115692,0.691615,12.59,26.98,7704
2,1.05, ,97.39,193.28,7.978485,27.502821, ,0.115705,0.691611,12.57,27,7703
2,1.06667, ,97.67,193.83,7.978392,27.503169, ,0.115699,0.691604,12.57,26.97,7704
2,1.08333, ,97.67,193.83,7.978343,27.503301, ,0.115697,0.691601,12.53,26.97,7702
2,1.1, ,97.67,193.83,7.978542,27.503847, ,0.115709,0.691589,12.56,26.97,7700
2,1.11667, ,97.48,193.46,7.978679,27.503979, ,0.115717,0.691586,12.55,26.99,7699
2,1.13333, ,97.76,194.01,7.979048,27.504294, ,0.115739,0.691579,12.59,26.96,7700
2,1.15, ,97.67,193.82,7.978627,27.504492, ,0.115714,0.691575,12.59,26.97,7696
2,1.16667, ,97.67,193.82,7.978594,27.504856, ,0.115712,0.691567,12.6,26.97,7696
2,1.18333, ,97.76,194.01,7.978579,27.505204, ,0.115712,0.69156,12.58,26.96,7696
2,1.2, ,97.76,194,7.978615,27.505237, ,0.115714,0.691559,12.55,26.96,7694
2,1.21667, ,97.76,194,7.978181,27.505601, ,0.115688,0.691551,12.57,26.96,7694
2,1.23333, ,97.85,194.19,7.978058,27.505932, ,0.115681,0.691544,12.62,26.95,7691
2,1.25, ,97.66,193.81,7.977701,27.506378, ,0.11566,0.691534,12.57,26.97,7695
2,1.26667, ,97.76,194,7.977451,27.506825, ,0.115645,0.691525,12.55,26.96,7693
2,1.28333, ,97.94,194.37,7.977638,27.506693, ,0.115656,0.691527,12.57,26.94,7692
2,1.3, ,97.94,194.36,7.977545,27.507123, ,0.115651,0.691518,12.58,26.94,7689
2,1.31667, ,97.76,193.99,7.97783,27.507388, ,0.115668,0.691512,12.55,26.96,7691
2,1.33333, ,97.94,194.36,7.977629,27.507851, ,0.115656,0.691502,12.56,26.94,7691
2,1.35, ,97.75,193.99,7.977859,27.508248, ,0.11567,0.691494,12.58,26.96,7689
2,1.36667, ,97.85,194.17,7.977666,27.508463, ,0.115659,0.691489,12.56,26.95,7691
2,1.38333, ,98.03,194.54,7.978043,27.508563, ,0.115681,0.691487,12.55,26.93,7689
2,1.4, ,97.94,194.35,7.978052,27.508894, ,0.115682,0.69148,12.59,26.94,7691
2,1.41667, ,98.03,194.53,7.977694,27.509407, ,0.115661,0.691469,12.61,26.93,7688
2,1.43333, ,97.94,194.35,7.97744,27.509655, ,0.115646,0.691463,12.58,26.94,7687
2,1.45, ,97.94,194.35,7.97807,27.509638, ,0.115683,0.691464,12.56,26.94,7685
2,1.46667, ,98.03,194.53,7.978227,27.510217, ,0.115693,0.691451,12.56,26.93,7686
2,1.48333, ,98.12,194.71,7.97828,27.510399, ,0.115696,0.691447,12.58,26.92,7684
2,1.5, ,98.03,194.53,7.97806,27.510846, ,0.115683,0.691438,12.53,26.93,7685
2,1.51667, ,98.12,194.71,7.977335,27.510863, ,0.11564,0.691437,12.59,26.92,7682
2,1.53333, ,98.03,194.52,7.977714,27.511442, ,0.115663,0.691425,12.6,26.93,7680
2,1.55, ,98.12,194.7,7.977459,27.511756, ,0.115648,0.691418,12.59,26.92,7680
2,1.56667, ,98.12,194.7,7.977967,27.511955, ,0.115678,0.691414,12.62,26.92,7678
2,1.58333, ,98.12,194.7,7.97791,27.512336, ,0.115675,0.691406,12.6,26.92,7679
2,1.6, ,98.12,194.7,7.977741,27.512567, ,0.115665,0.691401,12.54,26.92,7679
2,1.61667, ,98.21,194.88,7.977347,27.513047, ,0.115642,0.69139,12.57,26.91,7682
2,1.63333, ,98.4,195.25,7.977133,27.513577, ,0.115629,0.691379,12.59,26.89,7674
2,1.65, ,98.03,194.51,7.977336,27.513693, ,0.115641,0.691376,12.59,26.93,7676
2,1.66667, ,98.31,195.06,7.977951,27.514024, ,0.115678,0.691369,12.6,26.9,7652
2,1.68333, ,98.12,194.69,7.97726,27.514173, ,0.115637,0.691366,12.61,26.92,7627
2,1.7, ,98.3,195.06,7.97736,27.514454, ,0.115643,0.69136,12.6,26.9,7615
2,1.71667, ,98.3,195.06,7.97712,27.515133, ,0.115629,0.691345,12.57,26.9,7690
2,1.73333, ,98.3,195.05,7.977628,27.515331, ,0.11566,0.691341,12.6,26.9,7675
2,1.75, ,98.3,195.05,7.977223,27.515811, ,0.115636,0.69133,12.55,26.9,7684
2,1.76667, ,98.21,194.86,7.978085,27.515894, ,0.115687,0.691329,12.54,26.91,7684
2,1.78333, ,98.49,195.42,7.977627,27.516291, ,0.11566,0.69132,12.54,26.88,7680
2,1.8, ,98.21,194.86,7.977798,27.516655, ,0.11567,0.691312,12.58,26.91,7681
2,1.81667, ,98.39,195.23,7.977874,27.516788, ,0.115675,0.691309,12.6,26.89,7682
2,1.83333, ,98.39,195.23,7.977805,27.517168, ,0.115671,0.691301,12.55,26.89,7679
2,1.85, ,98.49,195.41,7.977717,27.517698, ,0.115666,0.69129,12.56,26.88,7678
2,1.86667, ,98.49,195.41,7.977787,27.51793, ,0.11567,0.691285,12.55,26.88,7678
2,1.88333, ,98.49,195.41,7.978055,27.518228, ,0.115687,0.691278,12.56,26.88,7676
2,1.9, ,98.49,195.41,7.97798,27.518509, ,0.115682,0.691272,12.54,26.88,7676
2,1.91667, ,98.49,195.4,7.978354,27.519055, ,0.115705,0.69126,12.58,26.88,7675
2,1.93333, ,98.58,195.59,7.978136,27.51927, ,0.115692,0.691256,12.59,26.87,7673
2,1.95, ,98.48,195.4,7.978114,27.519767, ,0.115691,0.691245,12.61,26.88,7676
2,1.96667, ,98.67,195.77,7.977847,27.520131, ,0.115675,0.691237,12.56,26.86,7672
2,1.98333, ,98.58,195.58,7.977491,27.520446, ,0.115654,0.69123,12.58,26.87,7673
2,2, ,98.67,195.77,7.977716,27.52081, ,0.115668,0.691222,12.56,26.86,7671
2,2.01667, ,98.67,195.76,7.978055,27.521174, ,0.115688,0.691215,12.55,26.86,7670
2,2.03333, ,98.58,195.57,7.977704,27.521538, ,0.115667,0.691207,12.58,26.87,7669
2,2.05, ,98.86,196.13,7.977625,27.521753, ,0.115663,0.691202,12.6,26.84,7668
2,2.06667, ,98.76,195.94,7.977435,27.52215, ,0.115651,0.691193,12.59,26.85,7668
2,2.08333, ,98.95,196.32,7.97714,27.522349, ,0.115634,0.691189,12.54,26.83,7666
2,2.1, ,98.67,195.75,7.977161,27.522746, ,0.115635,0.691181,12.55,26.86,7665
2,2.11667, ,98.86,196.12,7.977181,27.52326, ,0.115637,0.69117,12.56,26.84,7664
2,2.13333, ,98.95,196.31,7.977395,27.523491, ,0.11565,0.691164,12.58,26.83,7664
2,2.15, ,98.85,196.12,7.977344,27.523773, ,0.115647,0.691158,12.56,26.84,7662
2,2.16667, ,98.76,195.93,7.977448,27.524253, ,0.115653,0.691148,12.6,26.85,7660
2,2.18333, ,98.76,195.93,7.977296,27.524617, ,0.115644,0.69114,12.55,26.85,7662
2,2.2, ,98.95,196.3,7.977432,27.524849, ,0.115653,0.691135,12.57,26.83,7660
2,2.21667, ,99.04,196.49,7.977146,27.525395, ,0.115636,0.691123,12.54,26.82,7658
2,2.23333, ,99.04,196.48,7.977041,27.525693, ,0.11563,0.691117,12.57,26.82,7657
2,2.25, ,98.85,196.11,7.977333,27.525958, ,0.115647,0.691111,12.56,26.84,7655
2,2.26667, ,99.23,196.86,7.977589,27.52614, ,0.115663,0.691107,12.57,26.8,7656
2,2.28333, ,98.85,196.1,7.978297,27.526835, ,0.115705,0.691092,12.6,26.84,7656
2,2.3, ,99.04,196.48,7.978153,27.526835, ,0.115697,0.691092,12.57,26.82,7654
2,2.31667, ,98.94,196.28,7.977884,27.527464, ,0.115681,0.691079,12.6,26.83,7650
2,2.33333, ,99.23,196.85,7.977989,27.527845, ,0.115687,0.69107,12.57,26.8,7652
2,2.35, ,99.13,196.66,7.977746,27.528243, ,0.115673,0.691062,12.55,26.81,7649
2,2.36667, ,99.13,196.65,7.977816,27.528524, ,0.115677,0.691056,12.57,26.81,7652
2,2.38333, ,99.22,196.84,7.977915,27.528855, ,0.115683,0.691049,12.57,26.8,7652
2,2.4, ,99.13,196.65,7.977337,27.52917, ,0.115649,0.691042,12.55,26.81,7648
2,2.41667, ,99.13,196.65,7.978444,27.529368, ,0.115715,0.691038,12.57,26.81,7646
2,2.43333, ,99.22,196.83,7.977883,27.529799, ,0.115682,0.691028,12.58,26.8,7645
2,2.45, ,99.32,197.02,7.977928,27.530213, ,0.115685,0.691019,12.57,26.79,7647
2,2.46667, ,99.32,197.02,7.977637,27.53061, ,0.115668,0.691011,12.55,26.79,7644
2,2.48333, ,99.41,197.2,7.977885,27.531007, ,0.115683,0.691002,12.54,26.78,7643
2,2.5, ,99.32,197.01,7.977984,27.531405, ,0.115689,0.690994,12.58,26.79,7643
2,2.51667, ,99.51,197.39,7.978036,27.53167, ,0.115692,0.690988,12.58,26.77,7643
2,2.53333, ,99.32,197.01,7.977843,27.531835, ,0.11568,0.690984,12.57,26.79,7640
2,2.55, ,99.41,197.19,7.977964,27.532365, ,0.115688,0.690973,12.58,26.78,7640
2,2.56667, ,99.31,197,7.978057,27.532796, ,0.115694,0.690964,12.61,26.79,7639
2,2.58333, ,99.6,197.57,7.977702,27.532895, ,0.115673,0.690961,12.54,26.76,7637
2,2.6, ,99.5,197.38,7.977843,27.533292, ,0.115681,0.690953,12.53,26.77,7637
2,2.61667, ,99.5,197.38,7.978333,27.533508, ,0.11571,0.690948,12.56,26.77,7635
2,2.63333, ,99.69,197.75,7.978016,27.534104, ,0.115692,0.690935,12.56,26.75,7636
2,2.65, ,99.6,197.56,7.977636,27.534385, ,0.115669,0.690929,12.58,26.76,7635
2,2.66667, ,99.6,197.56,7.977686,27.534965, ,0.115673,0.690917,12.55,26.76,7632
2,2.68333, ,99.59,197.55,7.977701,27.535296, ,0.115674,0.69091,12.56,26.76,7629
2,2.7, ,99.69,197.74,7.977629,27.535329, ,0.115669,0.690909,12.57,26.75,7632
2,2.71667, ,99.59,197.55,7.977517,27.535776, ,0.115663,0.690899,12.53,26.76,7630
2,2.73333, ,99.78,197.93,7.977491,27.536124, ,0.115662,0.690892,12.54,26.74,7629
2,2.75, ,99.69,197.73,7.97771,27.536422, ,0.115675,0.690885,12.57,26.75,7627
2,2.76667, ,99.69,197.73,7.976887,27.53667, ,0.115626,0.69088,12.58,26.75,7627
2,2.78333, ,99.88,198.11,7.977051,27.537068, ,0.115636,0.690871,12.57,26.73,7626
2,2.8, ,99.88,198.1,7.9772,27.537912, ,0.115645,0.690853,12.55,26.73,7624
2,2.81667, ,99.88,198.1,7.977127,27.538095, ,0.115641,0.690849,12.56,26.73,7623
2,2.83333, ,99.97,198.29,7.977225,27.538575, ,0.115647,0.690839,12.59,26.72,7623
2,2.85, ,99.88,198.1,7.977636,27.538856, ,0.115672,0.690833,12.58,26.73,7620
2,2.86667, ,99.87,198.1,7.977586,27.539171, ,0.115669,0.690826,12.57,26.73,7621
2,2.88333, ,99.87,198.09,7.977782,27.53937, ,0.11568,0.690822,12.54,26.73,7620
2,2.9, ,99.87,198.09,7.977946,27.539817, ,0.11569,0.690812,12.54,26.73,7618
2,2.91667, ,100.06,198.47,7.977775,27.540231, ,0.11568,0.690803,12.56,26.71,7618
2,2.93333, ,99.97,198.28,7.977531,27.540728, ,0.115666,0.690792,12.57,26.72,7618
2,2.95, ,100.06,198.46,7.977523,27.541026, ,0.115666,0.690786,12.59,26.71,7615
2,2.96667, ,100.25,198.84,7.977298,27.54139, ,0.115653,0.690778,12.55,26.69,7613
2,2.98333, ,100.16,198.65,7.977721,27.541672, ,0.115678,0.690772,12.52,26.7,7613
2,3, ,100.06,198.46,7.977963,27.542169, ,0.115693,0.690761,12.56,26.71,7611
2,3.01667, ,100.16,198.64,7.977541,27.542549, ,0.115668,0.690753,12.59,26.7,7613
2,3.03333, ,100.16,198.64,7.977256,27.542848, ,0.115651,0.690746,12.58,26.7,7610
2,3.05, ,100.25,198.83,7.978019,27.543394, ,0.115697,0.690735,12.57,26.69,7608
2,3.06667, ,100.16,198.64,7.977928,27.54351, ,0.115691,0.690732,12.58,26.7,7608
2,3.08333, ,100.25,198.83,7.97792,27.543792, ,0.115691,0.690726,12.54,26.69,7608
2,3.1, ,100.35,199.01,7.977545,27.544255, ,0.115669,0.690716,12.52,26.68,7608
2,3.11667, ,100.25,198.82,7.977525,27.544421, ,0.115668,0.690712,12.57,26.69,7608
2,3.13333, ,100.34,199.01,7.977646,27.545133, ,0.115675,0.690697,12.59,26.68,7604
2,3.15, ,100.44,199.2,7.977469,27.545431, ,0.115665,0.690691,12.57,26.67,7603
2,3.16667, ,100.54,199.39,7.977821,27.54563, ,0.115686,0.690686,12.55,26.66,7603
2,3.18333, ,100.54,199.38,7.977583,27.54626, ,0.115672,0.690673,12.58,26.66,7600
2,3.2, ,100.73,199.77,7.97748,27.546392, ,0.115666,0.69067,12.59,26.64,7600
2,3.21667, ,100.44,199.19,7.977629,27.547154, ,0.115675,0.690653,12.58,26.67,7600
2,3.23333, ,100.44,199.19,7.978115,27.547171, ,0.115704,0.690653,12.59,26.67,7600
2,3.25, ,100.53,199.38,7.97843,27.547469, ,0.115723,0.690647,12.54,26.66,7597
2,3.26667, ,100.63,199.56,7.977694,27.547982, ,0.115679,0.690636,12.55,26.65,7598
2,3.28333, ,100.73,199.75,7.977777,27.548098, ,0.115684,0.690633,12.57,26.64,7596
2,3.3, ,100.72,199.75,7.977905,27.548661, ,0.115692,0.690621,12.58,26.64,7597
2,3.31667, ,100.72,199.75,7.978371,27.54886, ,0.11572,0.690617,12.57,26.64,7595
2,3.33333, ,100.72,199.75,7.977846,27.549274, ,0.115689,0.690608,12.59,26.64,7592
2,3.35, ,100.63,199.55,7.977933,27.549605, ,0.115694,0.690601,12.57,26.65,7593
2,3.36667, ,100.63,199.55,7.978014,27.550003, ,0.115699,0.690592,12.56,26.65,7589
2,3.38333, ,100.82,199.93,7.977915,27.550367, ,0.115694,0.690584,12.53,26.63,7586
2,3.4, ,100.62,199.54,7.978491,27.55098, ,0.115728,0.690571,12.58,26.65,7588
2,3.41667, ,100.72,199.73,7.978278,27.551477, ,0.115716,0.69056,12.56,26.64,7586
2,3.43333, ,100.72,199.73,7.977611,27.551676, ,0.115676,0.690556,12.59,26.64,7587
2,3.45, ,100.91,200.11,7.978131,27.551776, ,0.115707,0.690554,12.59,26.62,7584
2,3.46667, ,101.11,200.5,7.978049,27.552289, ,0.115703,0.690543,12.58,26.6,7584
2,3.48333, ,100.91,200.11,7.978675,27.552786, ,0.11574,0.690532,12.54,26.62,7585
2,3.5, ,101.01,200.3,7.978211,27.553051, ,0.115713,0.690526,12.54,26.61,7581
2,3.51667, ,100.91,200.1,7.977969,27.553382, ,0.115698,0.690519,12.58,26.62,7582
2,3.53333, ,100.91,200.1,7.978168,27.553863, ,0.11571,0.690509,12.53,26.62,7578
2,3.55, ,101.1,200.48,7.978125,27.554078, ,0.115708,0.690504,12.54,26.6,7578
2,3.56667, ,101.1,200.48,7.978161,27.554774, ,0.11571,0.690489,12.54,26.6,7578
2,3.58333, ,101.1,200.48,7.978304,27.554956, ,0.115719,0.690485,12.54,26.6,7578
2,3.6, ,101.1,200.48,7.978708,27.555337, ,0.115743,0.690477,12.54,26.6,7575
2,3.61667, ,101.2,200.67,7.978872,27.555801, ,0.115753,0.690467,12.53,26.59,7575
2,3.63333, ,101.2,200.66,7.978437,27.556265, ,0.115728,0.690457,12.57,26.59,7574
2,3.65, ,101,200.28,7.97831,27.556365, ,0.11572,0.690455,12.54,26.61,7573
2,3.66667, ,101.29,200.85,7.97853,27.556646, ,0.115733,0.690449,12.54,26.58,7573
2,3.68333, ,101.39,201.04,7.977963,27.557011, ,0.1157,0.690441,12.58,26.57,7572
2,3.7, ,101.39,201.04,7.978354,27.55764, ,0.115723,0.690427,12.57,26.57,7567
2,3.71667, ,101.29,200.84,7.978356,27.558071, ,0.115724,0.690418,12.57,26.58,7566
2,3.73333, ,101.29,200.84,7.978569,27.558436, ,0.115737,0.69041,12.59,26.58,7569
2,3.75, ,101.39,201.03,7.978077,27.558568, ,0.115707,0.690407,12.56,26.57,7567
2,3.76667, ,101.48,201.22,7.977976,27.559165, ,0.115702,0.690394,12.55,26.56,7571
2,3.78333, ,101.29,200.84,7.977693,27.559314, ,0.115685,0.690391,12.57,26.58,7566
2,3.8, ,101.48,201.22,7.978249,27.559529, ,0.115718,0.690386,12.57,26.56,7567
2,3.81667, ,101.48,201.22,7.978411,27.560208, ,0.115728,0.690372,12.57,26.56,7560
2,3.83333, ,101.58,201.41,7.978367,27.560457, ,0.115726,0.690366,12.6,26.55,7571
2,3.85, ,101.48,201.21,7.978562,27.560788, ,0.115737,0.690359,12.54,26.56,7554
2,3.86667, ,101.58,201.4,7.977905,27.561203, ,0.115698,0.69035,12.53,26.55,7556
2,3.88333, ,101.77,201.79,7.978322,27.561551, ,0.115723,0.690343,12.56,26.53,7562
2,3.9, ,101.58,201.4,7.977955,27.561766, ,0.115702,0.690338,12.59,26.55,7555
2,3.91667, ,101.77,201.79,7.978146,27.561882, ,0.115713,0.690336,12.58,26.53,7561
2,3.93333, ,101.58,201.4,7.977943,27.562512, ,0.115701,0.690322,12.54,26.55,7562
2,3.95, ,101.58,201.39,7.977395,27.56286, ,0.115669,0.690314,12.56,26.55,7554
2,3.96667, ,101.87,201.97,7.977697,27.563241, ,0.115687,0.690306,12.57,26.52,7554
2,3.98333, ,101.67,201.58,7.977899,27.563456, ,0.115699,0.690302,12.55,26.54,7561
Experiment Completed,,,,,,,,,,,,
