DeviceId:CISME0006669c1949
Filename:/msc/Data/d4_tv_Feb04_1300.csv
pH Slope(m): 0.05876
pH Eo (b): -0.35526
cal. Buffer pH: 8.10500
cal. Buffer temp. 22.96982
Salinity: 36
O2 0 Phase: 59.99000
O2 0 Temp: 20.00000
O2 100 Phase: 27.04000
O2 100 Temp: 21.70000
O2 LED Current: 150.00000
O2 Pressure Cal: 1013.00000
Total number of steps: 2
Step Number: 1
Time Threshold: 180
O2 Threshold:   0
pH Threshold: 0.000
Flow Rate: 5000.000000
Light Level: 0.000000
Step No., Time(m), Total T(m), O2 percent Sat., O2 (umol/kg), ISFET pH, ISFET Temp,, pH raw (V), ISFET Temp raw (V), Battery (V), Phase O2, Amplitude O2
1,0.03333, ,89.65,186.87,8.021131,24.137639, ,0.116599,0.767501,12.67,27.80,14786
1,0.05000, ,89.65,186.87,8.021751,24.137441, ,0.116635,0.767506,12.67,27.80,14772
1,0.06667, ,89.73,187.05,8.021567,24.137014, ,0.116624,0.767516,12.66,27.79,14770
1,0.08333, ,89.56,186.70,8.021642,24.136755, ,0.116629,0.767522,12.69,27.81,14767
1,0.10000, ,89.73,187.05,8.021432,24.136420, ,0.116616,0.767530,12.68,27.79,14765
1,0.11667, ,89.73,187.05,8.021623,24.136040, ,0.116627,0.767539,12.68,27.79,14764
1,0.13333, ,89.73,187.05,8.021867,24.135964, ,0.116641,0.767541,12.68,27.79,14764
1,0.15000, ,89.82,187.23,8.021243,24.135888, ,0.116605,0.767542,12.68,27.78,14764
1,0.16667, ,89.73,187.06,8.021210,24.135492, ,0.116602,0.767552,12.67,27.79,14758
1,0.18333, ,89.65,186.88,8.021238,24.135020, ,0.116604,0.767563,12.67,27.80,14760
1,0.20000, ,89.82,187.23,8.021444,24.134974, ,0.116616,0.767564,12.69,27.78,14758
1,0.21667, ,89.73,187.06,8.020806,24.134502, ,0.116578,0.767575,12.68,27.79,14759
1,0.23333, ,89.82,187.24,8.020781,24.134502, ,0.116577,0.767575,12.67,27.78,14756
1,0.25000, ,89.82,187.24,8.021036,24.133786, ,0.116591,0.767592,12.66,27.78,14755
1,0.26667, ,89.73,187.07,8.021018,24.133771, ,0.116590,0.767592,12.69,27.79,14753
1,0.28333, ,89.90,187.42,8.020479,24.133665, ,0.116558,0.767595,12.68,27.77,14753
1,0.30000, ,89.82,187.24,8.019788,24.133604, ,0.116518,0.767596,12.67,27.78,14754
1,0.31667, ,89.90,187.42,8.020738,24.133147, ,0.116573,0.767607,12.69,27.77,14753
1,0.33333, ,89.90,187.42,8.020347,24.132721, ,0.116550,0.767617,12.67,27.77,14749
1,0.35000, ,89.90,187.42,8.020191,24.132584, ,0.116541,0.767620,12.67,27.77,14748
1,0.36667, ,89.82,187.25,8.019434,24.132477, ,0.116496,0.767622,12.66,27.78,14750
1,0.38333, ,89.99,187.60,8.019645,24.131944, ,0.116508,0.767635,12.66,27.76,14748
1,0.40000, ,89.91,187.43,8.019951,24.131564, ,0.116526,0.767644,12.66,27.77,14748
1,0.41667, ,89.91,187.43,8.019467,24.131472, ,0.116498,0.767646,12.68,27.77,14746
1,0.43333, ,89.99,187.61,8.020042,24.130818, ,0.116531,0.767661,12.68,27.76,14745
1,0.45000, ,89.99,187.61,8.019599,24.130818, ,0.116505,0.767661,12.69,27.76,14746
1,0.46667, ,90.07,187.79,8.019400,24.130726, ,0.116493,0.767664,12.68,27.75,14745
1,0.48333, ,89.99,187.61,8.019484,24.130133, ,0.116498,0.767678,12.67,27.76,14743
1,0.50000, ,90.08,187.79,8.019248,24.130087, ,0.116484,0.767679,12.68,27.75,14743
1,0.51667, ,89.99,187.62,8.019120,24.129447, ,0.116476,0.767694,12.66,27.76,14741
1,0.53333, ,90.08,187.79,8.018781,24.129371, ,0.116456,0.767695,12.66,27.75,14742
1,0.55000, ,89.99,187.62,8.018929,24.128991, ,0.116465,0.767704,12.66,27.76,14740
1,0.56667, ,90.08,187.80,8.018852,24.128762, ,0.116460,0.767710,12.67,27.75,14739
1,0.58333, ,90.16,187.97,8.019049,24.128519, ,0.116472,0.767715,12.68,27.74,14739
1,0.60000, ,90.16,187.98,8.019593,24.127895, ,0.116503,0.767730,12.68,27.74,14738
1,0.61667, ,89.99,187.63,8.019097,24.127803, ,0.116474,0.767732,12.67,27.76,14737
1,0.63333, ,90.16,187.98,8.018815,24.127438, ,0.116457,0.767741,12.67,27.74,14737
1,0.65000, ,90.08,187.81,8.018569,24.127179, ,0.116443,0.767747,12.66,27.75,14736
1,0.66667, ,90.08,187.81,8.019036,24.127088, ,0.116470,0.767749,12.68,27.75,14733
1,0.68333, ,90.08,187.81,8.018864,24.126662, ,0.116460,0.767759,12.66,27.75,14734
1,0.70000, ,90.16,187.99,8.018989,24.126220, ,0.116467,0.767769,12.67,27.74,14734
1,0.71667, ,90.08,187.81,8.019156,24.125794, ,0.116477,0.767779,12.67,27.75,14733
1,0.73333, ,90.17,187.99,8.019066,24.125718, ,0.116471,0.767781,12.68,27.74,14731
1,0.75000, ,90.25,188.17,8.019366,24.125337, ,0.116489,0.767790,12.66,27.73,14730
1,0.76667, ,90.25,188.17,8.019203,24.125246, ,0.116479,0.767792,12.68,27.73,14730
1,0.78333, ,90.25,188.17,8.019073,24.124881, ,0.116471,0.767801,12.68,27.73,14729
1,0.80000, ,90.08,187.82,8.018323,24.124576, ,0.116427,0.767808,12.68,27.75,14728
1,0.81667, ,90.17,188.00,8.018789,24.123967, ,0.116454,0.767822,12.66,27.74,14729
1,0.83333, ,90.25,188.18,8.018909,24.124196, ,0.116461,0.767817,12.68,27.73,14729
1,0.85000, ,90.25,188.18,8.019198,24.123663, ,0.116478,0.767830,12.67,27.73,14726
1,0.86667, ,90.17,188.01,8.018727,24.123389, ,0.116450,0.767836,12.68,27.74,14725
1,0.88333, ,90.25,188.18,8.018638,24.123221, ,0.116445,0.767840,12.65,27.73,14725
1,0.90000, ,90.25,188.18,8.019005,24.122841, ,0.116466,0.767849,12.67,27.73,14725
1,0.91667, ,90.34,188.36,8.019103,24.122719, ,0.116472,0.767852,12.68,27.72,14724
1,0.93333, ,90.34,188.36,8.018572,24.122354, ,0.116440,0.767860,12.68,27.72,14725
1,0.95000, ,90.17,188.01,8.018375,24.122065, ,0.116429,0.767867,12.69,27.74,14722
1,0.96667, ,90.34,188.37,8.018351,24.121989, ,0.116427,0.767869,12.67,27.72,14721
1,0.98333, ,90.34,188.37,8.018081,24.121669, ,0.116411,0.767876,12.67,27.72,14722
1,1.00000, ,90.42,188.55,8.018568,24.121349, ,0.116440,0.767884,12.67,27.71,14721
1,1.01667, ,90.34,188.37,8.018251,24.120938, ,0.116421,0.767894,12.67,27.72,14721
1,1.03333, ,90.34,188.37,8.018156,24.120603, ,0.116415,0.767901,12.68,27.72,14722
1,1.05000, ,90.34,188.37,8.018539,24.120497, ,0.116438,0.767904,12.68,27.72,14719
1,1.06667, ,90.43,188.55,8.017821,24.120086, ,0.116395,0.767914,12.66,27.71,14716
1,1.08333, ,90.43,188.55,8.017792,24.119949, ,0.116393,0.767917,12.69,27.71,14718
1,1.10000, ,90.43,188.56,8.018187,24.119766, ,0.116416,0.767921,12.68,27.71,14718
1,1.11667, ,90.34,188.38,8.018055,24.119629, ,0.116409,0.767924,12.69,27.72,14717
1,1.13333, ,90.43,188.56,8.016979,24.119264, ,0.116345,0.767933,12.68,27.71,14716
1,1.15000, ,90.43,188.56,8.017004,24.119218, ,0.116346,0.767934,12.66,27.71,14712
1,1.16667, ,90.34,188.38,8.017346,24.118899, ,0.116366,0.767941,12.67,27.72,14715
1,1.18333, ,90.51,188.74,8.017322,24.118838, ,0.116365,0.767943,12.67,27.70,14713
1,1.20000, ,90.43,188.56,8.017094,24.118594, ,0.116351,0.767949,12.70,27.71,14710
1,1.21667, ,90.43,188.56,8.017247,24.118427, ,0.116360,0.767953,12.66,27.71,14710
1,1.23333, ,90.43,188.57,8.017600,24.118184, ,0.116381,0.767958,12.67,27.71,14711
1,1.25000, ,90.51,188.74,8.016935,24.117970, ,0.116342,0.767963,12.68,27.70,14713
1,1.26667, ,90.35,188.39,8.016827,24.117833, ,0.116335,0.767967,12.66,27.72,14710
1,1.28333, ,90.43,188.57,8.016848,24.117468, ,0.116336,0.767975,12.66,27.71,14711
1,1.30000, ,90.52,188.75,8.017282,24.117072, ,0.116362,0.767984,12.67,27.70,14711
1,1.31667, ,90.43,188.57,8.017168,24.116981, ,0.116355,0.767987,12.67,27.71,14708
1,1.33333, ,90.52,188.75,8.016575,24.116768, ,0.116320,0.767992,12.68,27.70,14709
1,1.35000, ,90.60,188.93,8.016916,24.116662, ,0.116340,0.767994,12.67,27.69,14706
1,1.36667, ,90.35,188.40,8.017246,24.116372, ,0.116359,0.768001,12.68,27.72,14706
1,1.38333, ,90.60,188.93,8.017012,24.116068, ,0.116345,0.768008,12.67,27.69,14706
1,1.40000, ,90.52,188.75,8.017431,24.115977, ,0.116370,0.768010,12.69,27.70,14707
1,1.41667, ,90.52,188.76,8.016977,24.115885, ,0.116343,0.768012,12.68,27.70,14707
1,1.43333, ,90.52,188.76,8.017037,24.115901, ,0.116347,0.768012,12.68,27.70,14705
1,1.45000, ,90.43,188.58,8.016942,24.115733, ,0.116341,0.768016,12.66,27.71,14704
1,1.46667, ,90.60,188.94,8.016914,24.115368, ,0.116339,0.768024,12.66,27.69,14703
1,1.48333, ,90.69,189.11,8.017310,24.115185, ,0.116362,0.768029,12.66,27.68,14703
1,1.50000, ,90.60,188.94,8.016891,24.115292, ,0.116338,0.768026,12.68,27.69,14703
1,1.51667, ,90.69,189.11,8.016766,24.114927, ,0.116330,0.768035,12.69,27.68,14703
1,1.53333, ,90.69,189.12,8.016962,24.114790, ,0.116342,0.768038,12.68,27.68,14703
1,1.55000, ,90.60,188.94,8.016983,24.114409, ,0.116343,0.768047,12.67,27.69,14702
1,1.56667, ,90.60,188.94,8.016995,24.114470, ,0.116343,0.768046,12.67,27.69,14702
1,1.58333, ,90.60,188.94,8.016342,24.114211, ,0.116305,0.768052,12.68,27.69,14699
1,1.60000, ,90.60,188.94,8.016318,24.114135, ,0.116303,0.768053,12.67,27.69,14699
1,1.61667, ,90.69,189.12,8.016871,24.114014, ,0.116336,0.768056,12.67,27.68,14699
1,1.63333, ,90.52,188.77,8.016660,24.113831, ,0.116323,0.768061,12.66,27.70,14699
1,1.65000, ,90.52,188.77,8.016250,24.113572, ,0.116299,0.768067,12.66,27.70,14698
1,1.66667, ,90.60,188.95,8.015800,24.113694, ,0.116273,0.768064,12.67,27.69,14699
1,1.68333, ,90.78,189.30,8.016337,24.113390, ,0.116304,0.768071,12.68,27.67,14696
1,1.70000, ,90.69,189.12,8.015924,24.113390, ,0.116280,0.768071,12.67,27.68,14696
1,1.71667, ,90.61,188.95,8.016029,24.113177, ,0.116286,0.768076,12.66,27.69,14698
1,1.73333, ,90.69,189.13,8.015910,24.112964, ,0.116279,0.768081,12.66,27.68,14695
1,1.75000, ,90.69,189.13,8.015437,24.112933, ,0.116251,0.768082,12.66,27.68,14698
1,1.76667, ,90.78,189.30,8.015462,24.112872, ,0.116252,0.768083,12.66,27.67,14695
1,1.78333, ,90.78,189.31,8.015500,24.112690, ,0.116254,0.768087,12.66,27.67,14694
1,1.80000, ,90.86,189.48,8.015829,24.112507, ,0.116274,0.768092,12.66,27.66,14694
1,1.81667, ,90.61,188.95,8.015699,24.112735, ,0.116266,0.768086,12.67,27.69,14694
1,1.83333, ,90.78,189.31,8.016393,24.112400, ,0.116307,0.768094,12.68,27.67,14694
1,1.85000, ,90.78,189.31,8.015885,24.112294, ,0.116277,0.768097,12.66,27.67,14692
1,1.86667, ,90.69,189.13,8.016540,24.112248, ,0.116316,0.768098,12.67,27.68,14693
1,1.88333, ,90.69,189.13,8.016382,24.112279, ,0.116306,0.768097,12.67,27.68,14691
1,1.90000, ,90.69,189.13,8.016516,24.112172, ,0.116314,0.768100,12.68,27.68,14694
1,1.91667, ,90.78,189.31,8.016226,24.112066, ,0.116297,0.768102,12.68,27.67,14691
1,1.93333, ,90.86,189.49,8.016275,24.112050, ,0.116300,0.768102,12.66,27.66,14691
1,1.95000, ,90.78,189.31,8.015635,24.111746, ,0.116262,0.768110,12.68,27.67,14691
1,1.96667, ,90.78,189.31,8.015997,24.111914, ,0.116283,0.768106,12.67,27.67,14690
1,1.98333, ,90.78,189.31,8.015908,24.111700, ,0.116278,0.768111,12.67,27.67,14690
1,2.00000, ,90.78,189.31,8.015358,24.111487, ,0.116246,0.768116,12.67,27.67,14691
1,2.01667, ,90.78,189.31,8.015563,24.111579, ,0.116258,0.768113,12.68,27.67,14690
1,2.03333, ,90.78,189.31,8.015632,24.111396, ,0.116262,0.768118,12.68,27.67,14689
1,2.05000, ,90.86,189.49,8.015947,24.111366, ,0.116280,0.768119,12.68,27.66,14688
1,2.06667, ,90.86,189.49,8.015954,24.111290, ,0.116281,0.768120,12.68,27.66,14689
1,2.08333, ,90.86,189.49,8.016087,24.111290, ,0.116288,0.768120,12.68,27.66,14687
1,2.10000, ,90.78,189.31,8.015711,24.111320, ,0.116266,0.768120,12.68,27.67,14690
1,2.11667, ,90.86,189.49,8.016329,24.111427, ,0.116303,0.768117,12.67,27.66,14687
1,2.13333, ,90.78,189.31,8.015911,24.111320, ,0.116278,0.768120,12.67,27.67,14685
1,2.15000, ,90.86,189.49,8.015634,24.111153, ,0.116262,0.768124,12.67,27.66,14685
1,2.16667, ,90.78,189.31,8.015524,24.111214, ,0.116255,0.768122,12.67,27.67,14684
1,2.18333, ,90.95,189.67,8.015387,24.110924, ,0.116247,0.768129,12.66,27.65,14686
1,2.20000, ,90.86,189.49,8.014832,24.111274, ,0.116214,0.768121,12.66,27.66,14685
1,2.21667, ,90.86,189.49,8.014721,24.110803, ,0.116208,0.768132,12.66,27.66,14684
1,2.23333, ,90.86,189.49,8.014745,24.110864, ,0.116209,0.768130,12.66,27.66,14685
1,2.25000, ,90.86,189.49,8.014591,24.111077, ,0.116200,0.768125,12.68,27.66,14681
1,2.26667, ,90.95,189.67,8.014951,24.110864, ,0.116221,0.768130,12.67,27.65,14682
1,2.28333, ,90.95,189.67,8.015401,24.110711, ,0.116248,0.768134,12.68,27.65,14680
1,2.30000, ,90.95,189.67,8.015535,24.110620, ,0.116256,0.768136,12.66,27.65,14682
1,2.31667, ,90.95,189.67,8.015847,24.111046, ,0.116274,0.768126,12.68,27.65,14680
1,2.33333, ,90.86,189.50,8.015662,24.110620, ,0.116263,0.768136,12.66,27.66,14681
1,2.35000, ,91.03,189.85,8.015412,24.110803, ,0.116248,0.768132,12.66,27.64,14682
1,2.36667, ,90.95,189.67,8.015927,24.110818, ,0.116279,0.768131,12.65,27.65,14683
1,2.38333, ,90.78,189.32,8.015845,24.110559, ,0.116274,0.768137,12.65,27.67,14680
1,2.40000, ,91.03,189.85,8.015661,24.110803, ,0.116263,0.768132,12.67,27.64,14681
1,2.41667, ,90.95,189.67,8.015351,24.110894, ,0.116245,0.768130,12.67,27.65,14680
1,2.43333, ,90.86,189.50,8.015759,24.110666, ,0.116269,0.768135,12.67,27.66,14679
1,2.45000, ,90.78,189.32,8.015128,24.110742, ,0.116232,0.768133,12.66,27.67,14676
1,2.46667, ,91.03,189.85,8.014747,24.110544, ,0.116209,0.768138,12.65,27.64,14679
1,2.48333, ,90.95,189.67,8.014637,24.110742, ,0.116203,0.768133,12.69,27.65,14678
1,2.50000, ,90.86,189.50,8.014385,24.110392, ,0.116188,0.768141,12.69,27.66,14679
1,2.51667, ,90.86,189.50,8.014807,24.110635, ,0.116213,0.768136,12.68,27.66,14678
1,2.53333, ,91.03,189.85,8.014831,24.110651, ,0.116214,0.768135,12.68,27.64,14677
User Advanced Step
Step Number: 2
Time Threshold: 240
O2 Threshold:   0
pH Threshold: 0.000
Flow Rate: 5000.000000
Light Level: 35.000000
Step No., Time(m), Total T(m), 02 percent sat., O2 umol/kg, ISFET pH, ISFET Temp,, pH raw (V), ISFET raw Temp (V), Ext. Battery (V), Phase O2, Amplitude O2
2,0.00000, ,90.95,189.67,8.015006,24.110757, ,0.116224,0.768133,12.63,27.65,14678
2,0.03333, ,90.95,189.67,8.012949,24.110955, ,0.116103,0.768128,12.66,27.65,14678
2,0.05000, ,90.95,189.67,8.013504,24.110544, ,0.116136,0.768138,12.60,27.65,14676
2,0.06667, ,91.12,190.03,8.013440,24.110970, ,0.116132,0.768128,12.59,27.63,14678
2,0.08333, ,90.95,189.67,8.013169,24.110757, ,0.116116,0.768133,12.59,27.65,14674
2,0.10000, ,91.03,189.85,8.013242,24.110696, ,0.116120,0.768134,12.61,27.64,14677
2,0.11667, ,90.95,189.67,8.013799,24.110879, ,0.116153,0.768130,12.62,27.65,14674
2,0.13333, ,91.03,189.85,8.013341,24.110559, ,0.116126,0.768137,12.64,27.64,14674
2,0.15000, ,91.03,189.85,8.013453,24.110833, ,0.116133,0.768131,12.66,27.64,14671
2,0.16667, ,91.03,189.85,8.013867,24.110711, ,0.116157,0.768134,12.60,27.64,14673
2,0.18333, ,91.03,189.85,8.013033,24.111046, ,0.116108,0.768126,12.59,27.64,14672
2,0.20000, ,91.20,190.20,8.012718,24.111016, ,0.116090,0.768127,12.60,27.62,14670
2,0.21667, ,91.03,189.85,8.012240,24.110924, ,0.116061,0.768129,12.63,27.64,14669
2,0.23333, ,91.12,190.03,8.012336,24.111046, ,0.116067,0.768126,12.63,27.63,14666
2,0.25000, ,91.12,190.03,8.012426,24.111214, ,0.116072,0.768122,12.59,27.63,14665
2,0.26667, ,91.12,190.03,8.012735,24.111229, ,0.116091,0.768122,12.60,27.63,14669
2,0.28333, ,91.12,190.02,8.013073,24.111411, ,0.116111,0.768117,12.60,27.63,14664
2,0.30000, ,91.12,190.02,8.013080,24.111320, ,0.116111,0.768120,12.59,27.63,14663
2,0.31667, ,91.20,190.20,8.012423,24.111533, ,0.116072,0.768115,12.60,27.62,14664
2,0.33333, ,91.20,190.20,8.012754,24.111777, ,0.116092,0.768109,12.60,27.62,14662
2,0.35000, ,91.03,189.84,8.012572,24.111883, ,0.116081,0.768106,12.61,27.64,14658
2,0.36667, ,91.20,190.20,8.012519,24.111670, ,0.116078,0.768111,12.60,27.62,14660
2,0.38333, ,91.20,190.20,8.012623,24.111594, ,0.116084,0.768113,12.59,27.62,14660
2,0.40000, ,91.20,190.20,8.012438,24.111853, ,0.116073,0.768107,12.62,27.62,14660
2,0.41667, ,91.29,190.38,8.012505,24.111853, ,0.116077,0.768107,12.63,27.61,14656
2,0.43333, ,91.20,190.20,8.012662,24.111990, ,0.116087,0.768104,12.65,27.62,14655
2,0.45000, ,91.29,190.38,8.012753,24.111990, ,0.116092,0.768104,12.60,27.61,14655
2,0.46667, ,91.29,190.38,8.012570,24.112127, ,0.116081,0.768101,12.61,27.61,14652
2,0.48333, ,91.29,190.37,8.012270,24.112446, ,0.116064,0.768093,12.61,27.61,14648
2,0.50000, ,91.29,190.37,8.012913,24.112340, ,0.116102,0.768096,12.60,27.61,14650
2,0.51667, ,91.37,190.55,8.013149,24.112477, ,0.116116,0.768092,12.61,27.60,14650
2,0.53333, ,91.37,190.55,8.012862,24.112659, ,0.116099,0.768088,12.63,27.60,14651
2,0.55000, ,91.46,190.73,8.012851,24.112537, ,0.116098,0.768091,12.62,27.59,14648
2,0.56667, ,91.29,190.37,8.013041,24.113009, ,0.116110,0.768080,12.59,27.61,14645
2,0.58333, ,91.37,190.55,8.012556,24.113040, ,0.116081,0.768079,12.59,27.60,14643
2,0.60000, ,91.46,190.73,8.012998,24.113161, ,0.116107,0.768076,12.60,27.59,14643
2,0.61667, ,91.37,190.55,8.013063,24.113298, ,0.116111,0.768073,12.62,27.60,14642
2,0.63333, ,91.46,190.72,8.012618,24.113603, ,0.116085,0.768066,12.61,27.59,14639
2,0.65000, ,91.46,190.72,8.012819,24.113527, ,0.116097,0.768068,12.63,27.59,14637
2,0.66667, ,91.46,190.72,8.013195,24.113542, ,0.116119,0.768067,12.65,27.59,14635
2,0.68333, ,91.46,190.72,8.013290,24.113740, ,0.116125,0.768063,12.60,27.59,14636
2,0.70000, ,91.37,190.54,8.013490,24.113740, ,0.116136,0.768063,12.57,27.60,14633
2,0.71667, ,91.54,190.90,8.012916,24.114287, ,0.116103,0.768050,12.59,27.58,14629
2,0.73333, ,91.54,190.90,8.012534,24.114181, ,0.116080,0.768052,12.62,27.58,14631
2,0.75000, ,91.63,191.08,8.012546,24.114287, ,0.116081,0.768050,12.59,27.57,14628
2,0.76667, ,91.63,191.08,8.012391,24.114638, ,0.116072,0.768042,12.61,27.57,14628
2,0.78333, ,91.54,190.90,8.012421,24.114698, ,0.116074,0.768040,12.59,27.58,14624
2,0.80000, ,91.71,191.25,8.012232,24.114835, ,0.116063,0.768037,12.62,27.56,14624
2,0.81667, ,91.63,191.08,8.012384,24.114774, ,0.116072,0.768038,12.63,27.57,14621
2,0.83333, ,91.80,191.43,8.012291,24.115064, ,0.116066,0.768032,12.59,27.55,14617
2,0.85000, ,91.63,191.07,8.012927,24.115079, ,0.116104,0.768031,12.61,27.57,14619
2,0.86667, ,91.71,191.25,8.013027,24.115414, ,0.116110,0.768023,12.61,27.56,14616
2,0.88333, ,91.71,191.25,8.012631,24.115672, ,0.116087,0.768017,12.59,27.56,14614
2,0.90000, ,91.71,191.25,8.012660,24.115809, ,0.116089,0.768014,12.61,27.56,14614
2,0.91667, ,91.88,191.61,8.013052,24.116083, ,0.116112,0.768008,12.66,27.54,14613
2,0.93333, ,91.80,191.43,8.013288,24.116190, ,0.116126,0.768005,12.65,27.55,14613
2,0.95000, ,91.88,191.60,8.013268,24.116327, ,0.116125,0.768002,12.60,27.54,14608
2,0.96667, ,91.71,191.24,8.013109,24.116525, ,0.116115,0.767997,12.58,27.56,14608
2,0.98333, ,91.88,191.60,8.013073,24.116525, ,0.116113,0.767997,12.58,27.54,14609
2,1.00000, ,91.97,191.78,8.012863,24.117012, ,0.116101,0.767986,12.59,27.53,14603
2,1.01667, ,91.97,191.78,8.012815,24.116859, ,0.116098,0.767989,12.61,27.53,14603
2,1.03333, ,91.97,191.78,8.013083,24.117453, ,0.116114,0.767975,12.66,27.53,14602
2,1.05000, ,91.97,191.78,8.013193,24.117438, ,0.116121,0.767976,12.62,27.53,14599
2,1.06667, ,91.97,191.78,8.013222,24.117499, ,0.116122,0.767974,12.58,27.53,14598
2,1.08333, ,92.05,191.96,8.013142,24.117712, ,0.116118,0.767969,12.59,27.52,14596
2,1.10000, ,91.97,191.78,8.013184,24.117757, ,0.116120,0.767968,12.58,27.53,14595
2,1.11667, ,92.05,191.95,8.012839,24.118412, ,0.116100,0.767953,12.61,27.52,14592
2,1.13333, ,92.23,192.31,8.012760,24.118381, ,0.116096,0.767954,12.60,27.50,14591
2,1.15000, ,92.05,191.95,8.012734,24.118610, ,0.116094,0.767948,12.58,27.52,14587
2,1.16667, ,92.05,191.95,8.012630,24.118686, ,0.116088,0.767946,12.63,27.52,14586
2,1.18333, ,92.14,192.13,8.013307,24.118960, ,0.116128,0.767940,12.61,27.51,14586
2,1.18333, ,92.14,192.13,8.013537,24.118990, ,0.116142,0.767939,12.59,27.51,14586
2,1.20000, ,92.23,192.31,8.013505,24.119234, ,0.116140,0.767934,12.58,27.50,14584
2,1.21667, ,92.14,192.13,8.013348,24.119218, ,0.116131,0.767934,12.57,27.51,14580
2,1.23333, ,92.23,192.31,8.012782,24.119432, ,0.116097,0.767929,12.59,27.50,14580
2,1.25000, ,92.23,192.30,8.013307,24.119705, ,0.116129,0.767923,12.60,27.50,14578
2,1.26667, ,92.22,192.30,8.013572,24.119995, ,0.116144,0.767916,12.61,27.50,14578
2,1.28333, ,92.22,192.30,8.013498,24.120116, ,0.116140,0.767913,12.60,27.50,14574
2,1.30000, ,92.31,192.48,8.013580,24.120406, ,0.116145,0.767906,12.64,27.49,14573
2,1.31667, ,92.31,192.48,8.013418,24.120984, ,0.116136,0.767892,12.57,27.49,14571
2,1.33333, ,92.40,192.66,8.013268,24.120832, ,0.116127,0.767896,12.59,27.48,14570
2,1.35000, ,92.31,192.48,8.013373,24.121212, ,0.116133,0.767887,12.61,27.49,14565
2,1.36667, ,92.40,192.66,8.014008,24.121441, ,0.116171,0.767882,12.60,27.48,14566
2,1.38333, ,92.40,192.66,8.014408,24.121517, ,0.116194,0.767880,12.62,27.48,14564
2,1.40000, ,92.40,192.66,8.013942,24.121395, ,0.116167,0.767883,12.62,27.48,14562
2,1.41667, ,92.57,193.02,8.014223,24.121882, ,0.116184,0.767871,12.63,27.46,14560
2,1.43333, ,92.48,192.83,8.013780,24.121897, ,0.116158,0.767871,12.59,27.47,14558
2,1.45000, ,92.57,193.01,8.014006,24.122430, ,0.116171,0.767859,12.59,27.46,14555
2,1.46667, ,92.48,192.83,8.013252,24.122704, ,0.116127,0.767852,12.60,27.47,14553
2,1.48333, ,92.65,193.19,8.013195,24.122993, ,0.116124,0.767845,12.60,27.45,14552
2,1.50000, ,92.57,193.01,8.013351,24.123252, ,0.116133,0.767839,12.58,27.46,14549
2,1.51667, ,92.57,193.01,8.013762,24.123298, ,0.116157,0.767838,12.61,27.46,14549
2,1.53333, ,92.48,192.82,8.013469,24.123556, ,0.116140,0.767832,12.62,27.47,14547
2,1.55000, ,92.65,193.18,8.013690,24.123967, ,0.116153,0.767822,12.60,27.45,14548
2,1.56667, ,92.65,193.18,8.013703,24.123937, ,0.116154,0.767823,12.59,27.45,14544
2,1.58333, ,92.83,193.55,8.013361,24.124211, ,0.116134,0.767817,12.57,27.43,14542
2,1.60000, ,92.74,193.36,8.013345,24.124607, ,0.116133,0.767807,12.60,27.44,14540
2,1.61667, ,92.65,193.18,8.013780,24.124805, ,0.116159,0.767803,12.59,27.45,14539
2,1.63333, ,92.74,193.36,8.013737,24.124896, ,0.116156,0.767801,12.59,27.44,14535
2,1.65000, ,92.83,193.54,8.013582,24.125368, ,0.116148,0.767789,12.59,27.43,14536
2,1.66667, ,92.83,193.54,8.013448,24.125368, ,0.116140,0.767789,12.60,27.43,14533
2,1.68333, ,92.83,193.54,8.013808,24.125840, ,0.116161,0.767778,12.65,27.43,14530
2,1.70000, ,92.83,193.54,8.013695,24.125627, ,0.116154,0.767783,12.57,27.43,14529
2,1.71667, ,92.82,193.53,8.013519,24.126357, ,0.116144,0.767766,12.59,27.43,14527
2,1.73333, ,92.91,193.72,8.013908,24.126205, ,0.116167,0.767770,12.61,27.42,14522
2,1.75000, ,92.91,193.71,8.013906,24.126479, ,0.116167,0.767763,12.58,27.42,14516
2,1.76667, ,92.91,193.71,8.014505,24.126662, ,0.116203,0.767759,12.60,27.42,14517
2,1.78333, ,93.09,194.08,8.013998,24.127118, ,0.116173,0.767748,12.62,27.40,14513
2,1.80000, ,92.82,193.53,8.014166,24.127271, ,0.116183,0.767745,12.62,27.43,14511
2,1.81667, ,93.00,193.89,8.015220,24.127423, ,0.116245,0.767741,12.61,27.41,14509
2,1.83333, ,93.08,194.07,8.014652,24.127910, ,0.116212,0.767730,12.60,27.40,14510
2,1.85000, ,93.00,193.89,8.014602,24.128016, ,0.116209,0.767727,12.57,27.41,14507
2,1.86667, ,93.17,194.25,8.015068,24.128230, ,0.116237,0.767722,12.57,27.39,14507
2,1.88333, ,93.00,193.89,8.015303,24.128367, ,0.116251,0.767719,12.60,27.41,14504
2,1.90000, ,93.08,194.07,8.015081,24.128808, ,0.116238,0.767709,12.62,27.40,14503
2,1.91667, ,93.08,194.07,8.014650,24.128823, ,0.116212,0.767708,12.63,27.40,14500
2,1.93333, ,93.17,194.25,8.014762,24.129234, ,0.116219,0.767699,12.58,27.39,14499
2,1.95000, ,93.17,194.24,8.014978,24.129569, ,0.116232,0.767691,12.57,27.39,14499
2,1.96667, ,93.17,194.24,8.014813,24.129645, ,0.116222,0.767689,12.59,27.39,14494
2,1.98333, ,93.26,194.42,8.014798,24.130041, ,0.116222,0.767680,12.59,27.38,14494
2,2.00000, ,93.26,194.42,8.014153,24.130346, ,0.116184,0.767673,12.62,27.38,14492
2,2.01667, ,93.34,194.60,8.014083,24.130650, ,0.116180,0.767665,12.59,27.37,14488
2,2.03333, ,93.17,194.24,8.014659,24.130741, ,0.116214,0.767663,12.59,27.39,14488
2,2.05000, ,93.26,194.42,8.014422,24.130802, ,0.116200,0.767662,12.56,27.38,14488
2,2.06667, ,93.26,194.42,8.014284,24.131335, ,0.116192,0.767649,12.59,27.38,14485
2,2.08333, ,93.34,194.60,8.014003,24.131579, ,0.116175,0.767644,12.56,27.37,14485
2,2.10000, ,93.43,194.78,8.014624,24.131944, ,0.116212,0.767635,12.58,27.36,14482
2,2.11667, ,93.43,194.78,8.014788,24.132020, ,0.116222,0.767633,12.60,27.36,14482
2,2.13333, ,93.34,194.59,8.014603,24.132310, ,0.116211,0.767626,12.57,27.37,14481
2,2.15000, ,93.52,194.96,8.014800,24.132690, ,0.116223,0.767617,12.58,27.35,14476
2,2.16667, ,93.43,194.77,8.014374,24.132888, ,0.116198,0.767613,12.59,27.36,14476
2,2.18333, ,93.34,194.59,8.014124,24.133040, ,0.116183,0.767609,12.62,27.37,14475
2,2.20000, ,93.52,194.95,8.014451,24.133177, ,0.116203,0.767606,12.63,27.35,14472
2,2.21667, ,93.60,195.14,8.014382,24.133391, ,0.116199,0.767601,12.57,27.34,14469
2,2.23333, ,93.43,194.77,8.013954,24.133893, ,0.116174,0.767589,12.59,27.36,14466
2,2.25000, ,93.52,194.95,8.014753,24.134045, ,0.116221,0.767586,12.59,27.35,14467
2,2.26667, ,93.69,195.31,8.014617,24.134334, ,0.116213,0.767579,12.59,27.33,14465
2,2.28333, ,93.51,194.94,8.015087,24.134654, ,0.116241,0.767571,12.61,27.35,14462
2,2.30000, ,93.60,195.13,8.015213,24.134867, ,0.116248,0.767566,12.64,27.34,14463
2,2.31667, ,93.60,195.12,8.014843,24.135537, ,0.116227,0.767551,12.63,27.34,14458
2,2.33333, ,93.69,195.31,8.015285,24.135690, ,0.116253,0.767547,12.58,27.33,14459
2,2.35000, ,93.60,195.12,8.015544,24.135842, ,0.116268,0.767543,12.58,27.34,14454
2,2.36667, ,93.69,195.30,8.015286,24.136268, ,0.116253,0.767533,12.57,27.33,14453
2,2.38333, ,93.78,195.49,8.014508,24.136451, ,0.116208,0.767529,12.59,27.32,14452
2,2.40000, ,93.78,195.48,8.014591,24.136725, ,0.116213,0.767523,12.59,27.32,14452
2,2.41667, ,93.87,195.67,8.015147,24.136923, ,0.116246,0.767518,12.64,27.31,14450
2,2.43333, ,93.86,195.67,8.015212,24.137075, ,0.116249,0.767514,12.59,27.31,14447
2,2.45000, ,93.78,195.48,8.015010,24.137395, ,0.116238,0.767507,12.56,27.32,14447
2,2.46667, ,93.77,195.48,8.015296,24.137958, ,0.116255,0.767494,12.58,27.32,14446
2,2.48333, ,93.69,195.29,8.014615,24.138156, ,0.116215,0.767489,12.60,27.33,14443
2,2.50000, ,93.86,195.66,8.014706,24.138202, ,0.116220,0.767488,12.59,27.31,14441
2,2.51667, ,93.86,195.66,8.014618,24.138613, ,0.116215,0.767478,12.60,27.31,14440
2,2.53333, ,93.95,195.84,8.014529,24.139085, ,0.116210,0.767467,12.58,27.30,14437
2,2.55000, ,93.95,195.84,8.014297,24.139283, ,0.116197,0.767463,12.61,27.30,14437
2,2.56667, ,94.04,196.02,8.014749,24.139618, ,0.116223,0.767455,12.63,27.29,14435
2,2.58333, ,94.13,196.20,8.015129,24.139786, ,0.116246,0.767451,12.57,27.28,14432
2,2.60000, ,94.04,196.02,8.015485,24.140090, ,0.116267,0.767444,12.58,27.29,14431
2,2.61667, ,94.04,196.01,8.015020,24.140562, ,0.116240,0.767433,12.61,27.29,14430
2,2.63333, ,94.13,196.20,8.015164,24.140730, ,0.116248,0.767429,12.57,27.28,14428
2,2.65000, ,94.04,196.01,8.015489,24.141004, ,0.116268,0.767422,12.60,27.29,14427
2,2.66667, ,94.12,196.19,8.015668,24.141400, ,0.116278,0.767413,12.61,27.28,14428
2,2.68333, ,94.12,196.19,8.014986,24.141674, ,0.116238,0.767406,12.62,27.28,14423
2,2.70000, ,94.04,196.01,8.015488,24.141902, ,0.116268,0.767401,12.63,27.29,14422
2,2.71667, ,94.21,196.37,8.016055,24.142161, ,0.116302,0.767395,12.57,27.27,14421
2,2.73333, ,94.12,196.19,8.015732,24.142405, ,0.116283,0.767389,12.58,27.28,14417
2,2.75000, ,94.21,196.37,8.015512,24.142664, ,0.116270,0.767383,12.59,27.27,14417
2,2.76667, ,94.30,196.56,8.015396,24.142755, ,0.116263,0.767381,12.60,27.26,14415
2,2.78333, ,94.21,196.37,8.015530,24.143334, ,0.116271,0.767367,12.60,27.27,14413
2,2.80000, ,94.30,196.55,8.015506,24.143395, ,0.116270,0.767366,12.62,27.26,14411
2,2.81667, ,94.30,196.55,8.015192,24.143943, ,0.116252,0.767353,12.61,27.26,14409
2,2.83333, ,94.30,196.55,8.015172,24.144186, ,0.116251,0.767347,12.60,27.26,14407
2,2.85000, ,94.30,196.55,8.015492,24.144308, ,0.116269,0.767345,12.56,27.26,14405
2,2.86667, ,94.30,196.54,8.015284,24.144567, ,0.116257,0.767339,12.58,27.26,14405
2,2.88333, ,94.48,196.91,8.015600,24.145131, ,0.116276,0.767325,12.58,27.24,14403
2,2.90000, ,94.39,196.73,8.016120,24.145344, ,0.116307,0.767320,12.58,27.25,14403
2,2.91667, ,94.39,196.72,8.015924,24.145572, ,0.116296,0.767315,12.57,27.25,14400
2,2.93333, ,94.47,196.91,8.015448,24.146014, ,0.116268,0.767305,12.59,27.24,14399
2,2.95000, ,94.30,196.53,8.015925,24.146242, ,0.116296,0.767299,12.59,27.26,14394
2,2.96667, ,94.38,196.72,8.015705,24.146425, ,0.116283,0.767295,12.57,27.25,14395
2,2.98333, ,94.47,196.90,8.015652,24.146973, ,0.116280,0.767282,12.57,27.24,14394
2,3.00000, ,94.56,197.09,8.016155,24.146973, ,0.116310,0.767282,12.58,27.23,14390
2,3.01667, ,94.56,197.09,8.016176,24.147308, ,0.116311,0.767274,12.61,27.23,14391
2,3.03333, ,94.47,196.90,8.016256,24.147948, ,0.116316,0.767259,12.57,27.24,14388
2,3.05000, ,94.47,196.90,8.016298,24.147948, ,0.116319,0.767259,12.58,27.24,14388
2,3.06667, ,94.65,197.26,8.016360,24.148527, ,0.116323,0.767246,12.58,27.22,14386
2,3.08333, ,94.65,197.26,8.016017,24.148984, ,0.116303,0.767235,12.61,27.22,14383
2,3.10000, ,94.65,197.26,8.016278,24.148953, ,0.116318,0.767236,12.62,27.22,14384
2,3.11667, ,94.65,197.26,8.016186,24.149136, ,0.116313,0.767231,12.56,27.22,14381
2,3.13333, ,94.65,197.26,8.016473,24.149578, ,0.116330,0.767221,12.60,27.22,14380
2,3.15000, ,94.65,197.26,8.015897,24.149608, ,0.116296,0.767220,12.59,27.22,14375
2,3.16667, ,94.74,197.44,8.016342,24.149989, ,0.116322,0.767211,12.57,27.21,14376
2,3.18333, ,94.74,197.44,8.015878,24.150446, ,0.116295,0.767200,12.62,27.21,14375
2,3.20000, ,94.83,197.62,8.015938,24.150522, ,0.116299,0.767199,12.59,27.20,14372
2,3.21667, ,94.74,197.43,8.016067,24.151055, ,0.116307,0.767186,12.60,27.21,14370
2,3.23333, ,94.74,197.43,8.015677,24.151268, ,0.116284,0.767181,12.57,27.21,14369
2,3.25000, ,94.82,197.62,8.015618,24.151802, ,0.116281,0.767169,12.56,27.20,14366
2,3.26667, ,94.91,197.80,8.015642,24.151786, ,0.116282,0.767169,12.57,27.19,14368
2,3.28333, ,95.00,197.99,8.015535,24.152335, ,0.116276,0.767156,12.59,27.18,14365
2,3.30000, ,94.82,197.61,8.015761,24.152776, ,0.116289,0.767146,12.59,27.20,14363
2,3.31667, ,94.82,197.61,8.015676,24.152807, ,0.116284,0.767145,12.63,27.20,14365
2,3.33333, ,94.91,197.80,8.015649,24.153111, ,0.116283,0.767138,12.63,27.19,14361
2,3.35000, ,95.00,197.98,8.015517,24.153721, ,0.116276,0.767124,12.60,27.18,14361
2,3.36667, ,95.09,198.17,8.015674,24.153827, ,0.116285,0.767121,12.58,27.17,14359
2,3.38333, ,94.82,197.60,8.016150,24.154178, ,0.116313,0.767113,12.58,27.20,14359
2,3.40000, ,95.00,197.97,8.015835,24.154848, ,0.116295,0.767097,12.55,27.18,14356
2,3.41667, ,94.91,197.78,8.015696,24.154833, ,0.116287,0.767097,12.58,27.19,14350
2,3.43333, ,95.00,197.97,8.015764,24.155351, ,0.116291,0.767085,12.57,27.18,14350
2,3.45000, ,95.00,197.97,8.016011,24.155518, ,0.116306,0.767081,12.58,27.18,14351
2,3.46667, ,95.00,197.97,8.015779,24.155716, ,0.116292,0.767077,12.62,27.18,14349
2,3.48333, ,95.09,198.15,8.015715,24.156204, ,0.116288,0.767065,12.58,27.17,14348
2,3.50000, ,95.00,197.96,8.015855,24.156036, ,0.116297,0.767069,12.56,27.18,14346
2,3.51667, ,95.09,198.15,8.015922,24.156737, ,0.116301,0.767053,12.57,27.17,14347
2,3.53333, ,95.18,198.33,8.015835,24.157026, ,0.116296,0.767046,12.60,27.16,14345
2,3.55000, ,95.18,198.33,8.015747,24.157392, ,0.116291,0.767037,12.57,27.16,14343
2,3.56667, ,95.18,198.33,8.016213,24.157544, ,0.116318,0.767034,12.59,27.16,14342
2,3.58333, ,95.26,198.52,8.016944,24.157818, ,0.116362,0.767027,12.59,27.15,14341
2,3.60000, ,95.26,198.51,8.016916,24.158275, ,0.116360,0.767017,12.62,27.15,14339
2,3.61667, ,95.26,198.51,8.017265,24.158580, ,0.116381,0.767009,12.61,27.15,14333
2,3.63333, ,95.35,198.70,8.017130,24.158748, ,0.116373,0.767006,12.57,27.14,14332
2,3.65000, ,95.35,198.70,8.017061,24.159037, ,0.116369,0.766999,12.61,27.14,14327
2,3.66667, ,95.35,198.69,8.016984,24.159555, ,0.116365,0.766987,12.59,27.14,14328
2,3.68333, ,95.35,198.69,8.017079,24.159860, ,0.116371,0.766979,12.59,27.14,14325
2,3.70000, ,95.26,198.50,8.016980,24.160104, ,0.116365,0.766974,12.62,27.15,14326
2,3.71667, ,95.35,198.69,8.017439,24.160302, ,0.116392,0.766969,12.61,27.14,14325
2,3.73333, ,95.35,198.68,8.017530,24.160941, ,0.116398,0.766954,12.57,27.14,14323
2,3.75000, ,95.35,198.68,8.017560,24.161033, ,0.116400,0.766952,12.56,27.14,14322
2,3.76667, ,95.44,198.87,8.017083,24.161505, ,0.116372,0.766941,12.55,27.13,14320
2,3.78333, ,95.53,199.06,8.017041,24.161505, ,0.116369,0.766941,12.57,27.12,14319
2,3.80000, ,95.44,198.86,8.017121,24.162069, ,0.116374,0.766928,12.58,27.13,14316
2,3.81667, ,95.53,199.05,8.017410,24.162358, ,0.116391,0.766921,12.57,27.12,14317
2,3.83333, ,95.44,198.86,8.017329,24.162587, ,0.116387,0.766915,12.61,27.13,14315
2,3.85000, ,95.44,198.86,8.016699,24.163196, ,0.116350,0.766901,12.63,27.13,14314
2,3.86667, ,95.53,199.04,8.016443,24.163455, ,0.116335,0.766895,12.57,27.12,14313
2,3.88333, ,95.53,199.04,8.016903,24.163501, ,0.116362,0.766894,12.58,27.12,14311
2,3.90000, ,95.53,199.04,8.017314,24.163684, ,0.116386,0.766890,12.58,27.12,14311
2,3.91667, ,95.44,198.85,8.017532,24.164354, ,0.116400,0.766874,12.58,27.13,14307
2,3.93333, ,95.44,198.85,8.017433,24.164705, ,0.116394,0.766866,12.58,27.13,14309
2,3.95000, ,95.71,199.41,8.017091,24.164903, ,0.116374,0.766861,12.56,27.10,14307
2,3.96667, ,95.62,199.22,8.017216,24.165207, ,0.116381,0.766854,12.60,27.11,14305
2,3.98333, ,95.62,199.22,8.017129,24.165482, ,0.116376,0.766847,12.59,27.11,14303
Experiment Completed
